592
994
95
236
435
471
121
810
583
769
559
882
831
991
802
229
127
512
871
21
751
427
627
103
69
560
485
486
424
446
815
357
547
779
581
803
945
123
494
465
819
605
498
881
799
45
674
683
189
363
104
88
631
343
480
434
461
698
528
168
213
614
622
274
894
959
256
671
268
865
190
408
371
292
146
911
548
965
69
594
83
848
530
781
632
997
849
677
943
246
375
368
235
399
288
559
703
15
666
624
758
871
464
614
726
878
602
162
505
649
59
411
348
436
366
897
521
105
798
833
513
803
949
394
879
178
470
613
543
555
876
925
380
557
322
962
878
434
854
439
414
351
704
659
949
775
139
560
350
555
249
625
864
472
441
569
167
609
948
744
324
563
624
514
268
286
447
988
501
185
433
567
638
234
874
132
806
128
750
506
218
653
988
420
890
173
461
414
981
456
320
774
305
601
889
655
219
960
354
920
161
370
638
62
500
645
790
385
999
536
874
443
833
396
195
990
121
172
671
812
903
190
895
951
347
610
13
733
209
719
21
167
956
95
78
932
566
808
916
470
230
180
59
219
239
256
356
958
886
645
55
654
659
201
112
492
659
59
948
900
799
310
810
600
778
535
579
596
800
789
138
947
303
157
684
85
799
864
852
842
999
10
890
185
99
496
879
357
474
672
54
584
999
308
58
363
323
298
423
668
251
590
89
465
383
893
114
797
250
560
901
603
788
23
437
224
641
93
682
556
376
47
366
517
177
172
557
173
414
124
64
128
239
341
514
843
773
629
246
296
73
702
784
581
701
603
161
501
325
376
242
43
454
696
402
927
630
623
330
109
217
70
702
498
243
365
533
785
898
801
152
79
632
136
963
34
498
885
50
593
840
756
911
795
61
645
359
85
210
245
286
72
295
971
610
886
220
31
903
551
460
808
301
591
8
685
453
680
680
966
214
214
547
981
778
932
215
589
282
338
783
257
302
561
512
198
238
904
245
164
662
81
58
721
182
198
283
174
274
823
550
977
554
390
145
795
320
610
715
399
820
868
683
566
168
94
647
800
331
444
776
728
13
780
201
51
422
984
667
94
618
138
526
539
806
384
408
20
343
330
905
268
449
625
922
28
502
319
770
977
723
658
914
338
789
276
935
143
785
79
547
949
495
209
731
154
442
118
299
752
221
954
762
272
390
667
306
517
914
970
953
707
454
717
891
128
158
201
520
468
373
319
41
222
156
852
33
849
315
813
184
417
688
34
16
459
382
350
916
656
256
94
43
78
693
456
687
405
590
209
346
963
901
328
64
575
879
159
975
831
443
815
688
611
955
204
426
535
694
771
44
314
637
943
844
812
87
166
619
617
521
973
500
297
79
735
365
857
710
407
380
962
637
283
357
970
688
474
674
18
225
831
182
513
633
606
782
322
237
258
21
232
11
874
469
893
944
192
468
25
986
688
254
401
106
630
116
368
153
838
293
583
115
919
903
520
979
380
789
495
706
585
616
259
539
676
332
851
585
581
53
457
729
403
330
506
95
638
215
902
39
725
943
399
541
167
205
81
239
238
250
872
752
581
626
861
866
159
349
807
731
972
83
67
979
24
974
932
27
637
918
688
215
808
865
52
751
43
812
641
633
130
906
333
440
337
435
956
211
896
556
854
858
346
687
729
317
522
528
743
650
954
833
719
826
627
471
297
965
347
106
483
398
57
748
573
759
597
792
26
454
207
31
578
34
520
336
41
416
378
61
419
497
903
446
839
38
774
996
599
864
112
262
897
281
895
753
862
831
344
28
327
344
52
694
260
260
774
19
635
735
833
158
69
733
916
728
913
586
295
251
531
873
346
480
710
103
214
297
827
338
802
807
315
635
362
386
665
54
706
939
735
444
314
7
506
371
16
320
851
608
665
533
325
215
379
948
513
24
919
721
662
238
587
913
1
35
269
885
819
246
156
340
272
2
693
124
302
801
63
371
812
988
65
509
975
375
527
473
621
426
796
768
708
7
42
527
807
526
744
908
249
230
455
614
320
481
899
625
45
458
493
86
193
412
103
132
4
772
446
774
817
851
730
58
966
21
365
667
383
38
360
947
197
742
630
503
295
505
161
71
360
301
8
900
116
762
510
940
907
216
321
15
842
230
72
677
22
851
859
668
222
424
801
851
576
608
123
241
148
689
925
822
645
456
41
573
672
440
929
866
163
926
155
678
502
294
508
296
220
1000
301
864
510
143
500
129
557
462
123
424
829
379
416
269
698
119
93
924
318
359
108
28
721
801
9
162
5
995
920
705
145
459
473
279
709
821
636
617
785
800
791
253
250
680
160
423
154
210
870
708
775
117
416
444
78
16
314
354
15
663
517
798
10
783
783
134
360
540
147
274
69
480
238
696
830
70
503
204
784
379
191
394
522
169
753
710
15
554
417
310
448
120
302
774
230
721
612
457
555
588
934
489
29
596
153
618
759
800
205
282
476
937
62
61
224
468
761
756
900
179
177
271
121
213
634
443
760
482
468
48
204
172
555
824
957
473
74
622
229
538
548
287
105
629
872
814
434
819
866
312
677
664
436
850
173
998
615
485
631
432
698
523
513
78
956
711
816
164
194
584
191
603
495
975
463
561
29
234
453
229
214
364
280
781
155
62
865
439
361
178
254
377
560
992
356
942
58
65
809
544
560
813
196
415
177
234
507
76
858
247
438
392
391
259
874
640
575
920
696
750
275
767
500
457
571
532
709
492
933
984
7
155
569
580
161
347
620
992
277
634
932
38
744
848
268
193
370
68
550
716
44
974
947
799
789
362
721
403
69
703
8
998
47
509
651
925
654
251
18
515
878
869
754
88
491
335
761
244
937
609
518
331
557
411
336
857
13
310
381
520
891
5
827
727
38
208
193
30
76
578
112
973
254
161
147
567
383
265
921
989
647
209
245
593
968
81
704
256
911
982
834
150
150
838
290
511
820
425
430
235
149
933
771
575
867
431
457
63
909
688
443
798
926
852
808
108
307
828
10
170
615
95
914
57
616
480
902
575
808
843
851
343
485
548
237
988
95
355
673
234
867
163
334
622
44
864
238
456
918
743
44
984
414
152
101
849
905
326
757
696
601
936
367
741
827
946
518
423
746
227
238
831
272
681
288
646
87
366
525
561
907
881
155
506
696
494
779
8
317
225
712
241
781
305
193
931
65
919
867
923
351
65
246
611
927
321
740
861
412
740
848
685
775
196
895
808
553
843
387
187
275
249
825
757
178
591
463
69
115
84
808
448
269
712
310
627
506
805
940
133
910
470
928
479
467
226
679
468
537
752
177
317
478
780
726
860
358
29
507
408
800
355
913
89
914
223
678
286
793
736
725
887
438
796
353
761
197
200
274
770
205
176
778
621
126
987
803
288
257
27
409
168
497
160
47
547
865
975
619
596
13
12
339
602
6
286
441
768
138
56
280
813
144
651
559
995
674
908
948
127
467
908
729
520
595
426
256
685
465
139
330
319
998
213
701
21
630
121
825
121
277
733
799
270
253
340
236
52
155
157
93
197
576
582
160
754
669
936
988
57
908
691
808
829
982
38
402
595
329
116
257
637
960
828
428
788
572
445
882
445
702
268
194
56
680
803
55
782
872
330
204
686
287
153
789
893
104
411
993
704
576
520
565
258
56
884
83
805
397
980
282
872
825
319
478
135
849
400
375
921
9
135
380
652
278
186
990
805
451
674
379
969
726
279
176
693
12
814
167
949
796
893
615
665
807
899
653
783
725
230
475
952
416
580
76
667
432
276
141
437
248
754
779
828
658
998
263
906
148
952
275
54
828
655
604
114
415
907
830
341
368
989
738
251
887
611
99
555
240
708
655
578
908
477
884
71
976
868
991
458
466
699
413
24
483
428
718
87
553
718
662
318
948
472
725
71
664
969
260
916
940
450
692
811
92
707
108
369
258
46
396
957
66
27
349
246
563
566
489
550
959
282
17
261
182
127
107
633
614
365
44
270
922
577
176
141
730
831
969
125
479
239
515
404
616
627
961
619
694
429
267
326
500
620
511
257
804
380
200
112
283
117
326
90
575
592
49
415
448
186
697
340
350
833
136
643
257
986
149
910
860
453
263
901
97
849
873
266
649
371
994
55
918
427
948
827
461
270
538
670
807
947
835
527
13
150
139
429
277
5
355
130
778
458
819
976
922
558
990
667
557
267
538
493
249
651
424
182
255
948
146
324
967
860
298
236
485
559
901
597
241
969
643
841
870
945
412
366
548
643
531
476
938
431
936
543
689
150
664
765
380
325
522
656
324
2
155
546
247
841
510
639
772
488
497
688
713
848
779
311
838
640
297
44
68
217
918
793
440
760
480
714
544
248
34
800
228
407
698
192
640
696
971
476
248
714
858
524
229
437
757
497
739
57
827
12
738
125
146
17
901
607
924
529
929
74
1000
644
457
259
927
409
21
211
70
673
470
385
673
463
784
214
630
628
790
716
162
913
260
859
69
895
277
956
688
145
414
178
585
241
921
93
36
909
953
430
396
856
357
204
657
19
297
154
217
981
769
565
740
270
962
99
681
932
180
867
472
596
514
112
566
678
614
200
459
812
412
525
815
769
484
91
422
735
5
757
1000
807
890
774
325
232
799
51
379
810
429
129
147
153
741
644
299
103
710
23
1
407
295
725
684
583
912
297
94
895
121
998
686
537
700
954
336
216
740
739
645
458
240
588
434
71
415
337
563
719
192
905
980
877
789
908
47
363
83
292
91
180
324
209
103
937
485
598
148
352
226
805
417
843
79
780
504
860
3
397
654
495
191
510
924
841
30
452
396
227
717
161
229
248
935
912
567
601
375
114
100
322
421
576
344
190
93
642
491
432
953
252
46
760
784
61
498
265
913
269
793
620
257
625
660
613
672
129
704
370
925
390
544
626
547
979
623
906
270
246
274
522
969
384
479
126
107
152
83
194
747
587
126
495
84
977
713
554
311
738
907
643
907
70
952
238
541
450
919
989
515
161
422
311
632
777
991
729
93
605
223
588
433
785
239
965
462
808
495
97
673
228
42
873
445
688
964
538
636
602
985
771
913
873
41
304
487
374
416
677
345
2
481
710
885
577
7
48
233
242
441
905
611
235
783
296
370
491
471
196
357
841
525
83
902
252
630
567
426
192
864
316
589
531
497
58
255
226
748
384
863
387
581
932
237
847
737
553
163
987
945
760
64
688
369
495
539
243
623
877
470
965
499
40
18
374
236
787
894
641
264
311
23
307
878
259
486
530
949
266
895
576
372
60
229
231
6
724
447
240
824
920
862
599
344
906
562
985
211
395
845
107
994
2
628
59
772
456
97
712
673
68
475
836
486
617
434
827
741
592
327
670
733
484
374
930
121
377
783
571
194
837
893
224
724
988
426
871
820
680
586
436
525
517
456
934
88
984
584
451
547
719
638
82
189
718
163
364
434
937
416
715
144
655
859
330
12
857
647
5
979
826
796
189
447
486
785
182
639
801
815
929
82
836
907
126
491
175
425
11
513
533
80
664
981
455
969
500
105
817
634
197
16
255
56
321
213
259
926
524
248
844
816
950
593
975
834
600
546
207
927
356
440
569
38
383
295
795
261
257
507
765
658
335
287
12
411
130
839
832
849
681
440
945
362
418
561
485
503
864
35
917
960
677
140
752
954
956
322
146
559
536
946
269
582
129
13
855
461
226
466
992
600
958
77
212
469
817
920
484
196
813
527
891
41
978
53
227
60
412
751
523
257
351
224
489
945
378
79
108
461
580
463
828
293
759
257
773
986
545
938
330
620
227
300
438
786
182
793
306
421
578
321
808
639
757
300
101
939
249
708
614
197
755
35
467
74
463
863
178
520
888
710
256
827
258
32
239
194
74
928
130
373
414
132
112
900
38
549
474
810
561
135
669
975
369
386
119
780
844
220
376
114
766
341
885
2
646
756
756
69
64
442
725
259
490
333
139
560
579
745
513
970
790
463
273
743
7
511
404
190
587
512
902
754
685
104
807
218
656
374
520
680
213
475
119
602
580
822
142
86
510
128
549
467
815
820
951
762
536
72
612
882
238
636
712
868
996
990
617
412
973
315
307
107
706
381
504
546
279
69
600
585
621
177
84
870
476
90
701
185
292
187
394
417
177
156
990
377
787
482
97
976
54
106
807
120
262
386
851
486
139
320
766
591
599
572
760
831
909
522
696
818
388
909
612
23
579
969
201
178
80
803
491
614
224
386
544
102
642
685
366
320
255
776
992
109
757
789
424
366
74
598
108
69
750
245
782
176
392
869
420
38
820
730
664
870
590
831
17
845
467
326
983
927
677
495
828
490
261
40
988
217
67
366
812
649
7
349
843
699
464
637
857
787
731
319
278
853
280
688
762
521
457
131
504
791
584
775
668
179
918
578
956
237
379
471
399
996
488
187
103
882
483
830
830
623
314
277
854
560
670
30
270
722
73
327
362
754
104
610
949
776
15
578
303
119
91
866
97
708
187
330
126
441
83
866
206
651
776
261
269
476
927
65
72
889
237
795
422
112
627
543
366
683
462
279
297
422
831
493
993
999
164
523
724
465
830
140
109
600
688
354
417
698
826
43
751
428
623
113
868
515
607
318
607
168
785
188
441
478
832
546
312
694
628
151
613
543
407
226
997
602
497
745
741
314
281
914
216
614
999
10
781
420
760
548
223
15
266
289
155
281
11
887
517
734
99
234
671
882
603
698
603
355
125
893
482
850
730
324
180
595
365
481
647
333
781
864
377
782
396
517
360
996
195
126
771
637
635
962
473
783
335
224
366
640
625
972
421
445
317
564
420
618
415
447
563
24
51
444
191
147
968
81
993
138
945
406
12
443
601
201
434
711
751
560
968
327
142
667
194
83
839
181
489
533
328
982
703
41
830
207
304
630
401
609
805
37
534
947
460
166
67
932
769
637
757
674
370
522
16
857
43
925
392
86
165
181
839
298
723
225
373
104
953
494
288
967
172
1000
328
9
311
537
480
3
831
35
646
248
732
52
940
718
553
602
735
523
66
601
144
319
997
488
960
493
906
745
342
263
956
762
232
185
342
894
901
434
33
664
537
651
934
407
847
500
776
949
48
294
166
409
438
832
876
557
525
739
904
876
988
906
534
294
630
567
959
298
123
822
183
821
389
131
675
476
920
616
805
238
607
637
531
101
937
216
781
544
823
777
704
807
314
147
926
144
839
200
922
482
280
321
100
394
688
241
834
959
293
18
596
707
578
808
865
639
839
634
412
635
218
625
779
359
379
556
62
561
967
44
600
118
522
603
64
540
958
789
810
567
780
320
783
595
876
643
998
879
93
73
905
668
728
788
833
25
756
165
262
261
736
201
552
636
82
249
994
63
205
838
429
397
38
831
42
771
843
148
367
390
354
625
457
539
155
121
595
743
450
27
163
678
16
796
406
280
408
155
979
409
461
261
83
440
348
578
208
900
989
297
137
56
149
865
894
423
320
206
857
453
152
833
294
794
49
976
166
178
969
888
465
827
775
155
608
159
211
344
812
567
900
673
259
611
856
855
308
98
984
719
651
538
526
647
785
859
874
108
55
76
552
853
73
907
517
585
379
702
831
842
930
123
111
850
113
501
373
436
624
918
249
179
654
974
585
801
998
278
136
721
667
139
57
887
504
988
23
931
82
724
311
138
547
961
333
737
69
610
814
319
355
176
863
179
411
581
468
910
335
222
237
389
228
175
837
266
156
521
606
620
614
85
192
650
629
612
554
469
919
155
856
928
495
376
617
757
365
417
457
190
331
527
373
277
952
85
527
845
566
545
953
855
31
957
796
222
701
537
635
651
484
557
92
868
487
905
9
46
571
641
521
975
802
748
331
510
748
176
480
411
619
204
410
237
801
599
356
470
794
759
185
135
564
976
502
916
273
505
552
334
102
85
168
995
534
567
744
332
920
879
690
955
955
958
841
973
446
12
551
998
35
916
123
88
385
63
684
344
686
215
627
14
699
167
111
215
881
182
459
463
766
957
246
494
602
362
688
514
272
176
515
328
711
670
875
582
241
905
646
906
879
46
76
228
430
35
560
869
623
835
498
839
81
62
79
370
568
276
507
11
899
961
964
281
438
183
676
828
435
537
534
50
291
143
875
763
194
326
523
34
604
979
173
681
178
606
480
211
154
230
951
88
512
294
233
571
906
331
744
889
426
179
115
742
742
822
554
885
945
999
938
326
709
376
499
173
919
57
619
117
273
215
876
707
157
193
513
436
574
51
207
985
842
626
583
105
659
112
921
905
257
979
158
493
980
883
74
63
486
509
217
94
705
113
311
121
945
23
496
425
270
405
397
578
187
606
889
727
551
759
361
674
418
964
618
680
550
747
545
691
179
388
386
128
671
921
124
285
310
577
474
822
845
987
747
621
322
839
832
799
440
378
669
731
303
251
242
806
318
584
870
565
498
773
333
704
433
520
785
642
572
641
712
129
61
944
392
738
718
634
682
288
478
543
795
318
67
384
837
700
504
547
129
752
442
230
307
259
218
150
532
413
579
805
486
379
786
577
233
468
207
227
88
128
428
520
115
656
402
611
310
378
275
602
689
886
2
302
331
413
683
894
665
202
410
462
721
120
900
572
675
720
174
913
785
538
680
254
739
294
860
982
143
821
674
800
956
481
441
818
169
819
753
630
98
323
360
361
559
666
530
944
158
453
196
929
693
52
250
246
875
666
400
693
740
208
611
968
379
923
133
108
549
388
397
809
481
22
998
146
344
339
408
188
903
475
273
757
12
190
114
458
905
665
849
934
661
216
588
14
36
308
932
42
103
965
547
30
985
989
728
506
467
468
834
427
11
656
212
797
792
389
653
172
494
284
294
68
526
915
338
200
490
164
787
224
373
421
71
862
860
144
961
912
570
482
308
741
294
837
79
326
656
565
212
800
642
168
453
961
621
172
103
913
352
848
350
485
854
398
897
4
54
626
206
703
695
305
11
913
619
608
440
166
226
162
552
895
411
742
370
267
89
222
90
330
724
866
749
737
541
90
558
784
566
381
662
309
271
454
522
797
316
292
6
296
499
487
232
459
224
164
237
323
966
155
153
586
161
352
723
64
59
295
163
998
695
572
328
239
84
65
571
550
78
735
107
285
842
71
29
30
217
577
653
674
398
559
966
97
164
811
281
354
602
358
593
717
994
17
384
160
967
606
382
708
82
134
61
664
427
340
71
120
693
8
584
640
688
269
905
499
431
380
86
132
140
723
305
838
219
881
605
424
499
231
170
29
202
897
987
988
200
607
805
658
109
212
498
225
872
982
871
768
100
691
622
117
982
197
117
544
221
272
305
681
367
857
796
873
305
329
2
48
464
444
536
462
249
521
499
883
30
288
850
254
808
900
281
516
637
145
552
617
8
995
993
531
259
470
889
706
988
10
437
157
843
987
899
900
431
383
30
892
832
860
514
39
703
793
10
159
565
880
333
387
665
811
756
546
452
15
663
427
299
204
73
346
660
849
477
174
262
109
81
212
119
432
792
899
389
952
118
56
594
270
903
470
663
384
728
224
390
535
888
397
821
324
670
691
764
188
991
218
215
362
642
945
891
267
875
384
515
919
58
997
856
175
128
5
944
816
367
71
486
594
499
725
151
982
468
39
70
514
894
540
145
377
157
81
299
489
854
233
452
362
382
370
420
913
41
517
835
252
53
921
364
346
58
765
174
354
710
873
481
338
728
543
920
403
289
380
688
853
626
469
962
322
312
753
749
66
850
205
38
802
781
326
274
732
989
258
165
451
860
792
807
783
934
857
216
728
184
153
830
5
484
619
786
608
414
131
614
739
939
874
253
740
478
30
975
355
542
977
121
888
288
703
450
771
544
953
952
732
260
407
736
912
441
400
237
412
568
30
262
898
737
76
452
475
77
80
188
258
190
225
121
354
511
978
55
320
872
562
14
917
139
932
934
616
156
15
505
692
843
958
881
644
992
725
2
502
557
953
983
530
869
536
935
652
196
36
904
85
383
542
321
221
861
427
561
384
139
226
880
265
834
188
694
921
806
765
477
837
974
396
369
666
666
135
350
567
255
575
378
934
100
320
283
204
93
905
226
642
498
469
551
254
822
555
99
376
876
710
543
291
915
516
68
938
544
270
439
908
689
247
37
469
674
560
414
109
577
155
98
500
871
140
316
489
34
105
722
889
272
132
85
204
400
506
639
875
177
11
193
938
949
257
640
296
69
353
761
78
494
766
72
831
177
115
675
136
429
594
988
292
431
479
70
817
949
12
960
750
517
433
550
179
420
393
38
269
322
948
120
824
490
668
549
310
962
998
610
911
390
952
180
208
215
515
312
945
811
56
195
134
33
385
224
913
268
698
925
942
185
931
605
444
371
660
213
856
390
177
757
128
958
554
765
161
625
288
56
982
316
339
213
150
389
953
285
849
468
976
481
12
562
80
627
453
326
179
751
691
797
64
610
80
720
308
92
387
775
923
69
59
359
919
550
26
749
782
698
372
509
399
916
964
947
428
340
694
648
968
299
627
973
743
802
569
271
377
446
599
799
853
637
514
611
85
406
876
616
331
146
115
324
391
841
993
773
298
404
438
427
332
52
506
45
872
989
643
791
656
249
894
619
66
770
378
346
757
157
833
137
918
749
212
486
432
573
453
90
209
181
712
986
277
347
155
572
960
21
476
328
153
30
289
357
846
369
764
907
733
844
344
66
982
425
565
881
683
297
250
918
789
972
980
28
828
88
564
197
567
142
164
254
831
535
944
933
732
92
521
181
789
58
95
531
58
419
911
169
202
417
533
864
679
494
624
905
616
335
984
749
509
9
634
170
748
912
122
507
415
185
92
824
363
303
885
563
222
712
485
25
260
990
223
165
177
866
47
441
652
53
835
813
692
565
212
322
638
489
114
619
735
929
239
254
470
675
89
97
503
83
121
730
123
20
7
940
819
659
409
118
418
708
564
649
949
151
699
240
320
587
10
425
229
352
605
959
402
329
800
864
883
431
18
124
982
992
942
42
281
453
238
778
287
186
294
461
49
466
1000
34
70
487
906
13
413
325
893
649
38
127
849
102
403
94
147
237
744
939
5
366
95
289
292
332
942
656
559
346
164
113
884
88
318
382
382
292
321
113
734
638
52
502
339
583
76
26
898
640
742
893
498
731
151
277
501
198
806
853
357
367
724
396
440
997
501
907
469
202
729
649
801
571
599
973
772
710
93
740
445
609
454
978
66
530
327
981
575
204
608
574
176
966
465
923
321
112
184
466
485
785
988
794
475
549
840
211
696
447
763
645
222
719
721
933
882
641
234
303
441
801
383
461
119
557
10
570
598
109
399
133
591
971
31
728
596
492
82
428
283
77
20
256
361
604
503
707
946
279
804
892
68
953
607
259
20
452
820
838
155
788
366
446
457
127
239
246
594
79
124
96
549
724
408
880
539
948
905
637
179
407
831
909
344
349
63
808
226
520
995
424
82
458
707
232
47
511
945
991
343
626
983
987
568
443
766
158
321
381
723
32
38
822
344
49
229
297
253
498
782
854
556
757
358
920
527
719
963
349
17
592
79
322
169
132
982
785
11
773
627
782
590
415
399
442
763
954
37
266
587
246
812
275
700
187
296
705
775
41
633
705
63
517
805
227
828
694
564
241
262
602
525
700
817
513
150
804
434
120
603
680
984
846
52
301
192
731
2
872
650
693
716
586
751
121
284
266
911
515
267
147
442
606
689
715
91
496
434
911
328
709
859
303
826
971
44
775
309
874
444
41
893
865
175
847
175
343
276
400
255
685
606
47
815
995
307
439
381
441
196
129
66
749
743
567
894
284
630
762
497
470
567
17
442
731
824
768
925
820
612
883
457
758
905
563
328
736
793
540
192
17
351
211
697
826
568
342
78
57
288
345
918
988
810
930
109
674
636
20
963
357
547
342
339
251
80
284
895
159
558
77
556
512
182
787
422
835
255
953
477
731
614
351
104
239
25
208
117
566
436
811
857
455
514
156
940
801
800
734
479
749
933
81
54
372
139
59
791
624
243
436
447
15
177
725
84
165
83
307
34
928
38
675
100
303
188
76
927
900
526
222
759
230
402
325
778
754
261
560
60
322
459
653
730
173
598
822
208
122
337
96
808
390
696
500
435
530
844
802
700
661
636
689
685
689
242
723
896
568
424
603
953
277
898
513
535
128
412
460
690
486
802
714
621
239
645
415
652
520
729
968
391
377
988
591
335
132
512
180
785
810
564
459
417
191
7
878
98
217
357
665
904
596
383
735
612
276
59
908
178
310
308
942
93
441
720
875
73
501
28
140
18
849
775
105
408
29
804
558
326
446
586
686
55
92
43
787
56
904
728
869
596
330
548
723
627
585
510
975
588
629
458
329
476
634
974
839
477
66
86
804
499
770
15
184
760
256
884
345
22
710
12
773
797
310
786
981
594
843
287
972
916
784
969
500
672
221
237
613
782
839
882
751
361
846
680
574
915
753
61
564
454
224
307
690
229
666
94
947
594
99
340
170
643
596
640
116
138
575
642
856
282
348
279
190
702
8
651
99
55
547
351
309
710
949
667
378
391
348
709
526
189
72
345
477
105
7
87
392
574
801
132
852
528
144
498
482
676
288
339
960
886
443
850
855
525
435
928
904
202
223
190
85
734
139
131
522
247
109
106
334
773
254
857
341
169
511
992
201
666
116
45
611
475
305
267
383
228
231
139
321
633
646
61
215
77
803
224
79
70
381
6
141
52
385
322
5
804
493
226
971
456
199
509
951
243
870
116
579
229
880
610
614
116
853
255
476
221
756
567
366
416
320
878
210
715
159
753
785
248
60
676
851
228
533
891
921
913
769
621
918
147
10
143
333
873
891
525
527
633
396
96
554
760
103
987
942
804
212
47
309
393
111
71
344
17
729
433
951
979
811
779
816
774
464
190
906
614
425
211
968
725
155
23
553
514
833
42
617
986
997
864
218
516
138
179
282
43
415
961
854
510
179
144
26
153
470
528
450
758
981
982
712
635
286
22
427
109
794
794
742
649
480
516
159
309
294
655
536
182
409
139
101
108
960
123
789
159
429
107
723
649
900
59
428
444
963
514
636
632
643
563
79
36
501
874
993
218
703
376
597
49
819
488
548
625
923
684
218
586
289
51
59
490
175
583
197
761
439
824
819
844
555
363
836
177
742
176
851
31
185
373
907
973
375
404
293
763
584
238
803
484
48
832
476
519
584
590
168
447
924
159
22
87
513
955
689
620
488
478
360
385
763
131
51
574
138
827
622
812
712
203
898
556
243
668
885
328
425
804
636
641
717
717
355
614
31
267
536
161
935
650
711
123
61
355
843
117
935
867
489
676
98
186
38
523
353
551
549
980
849
140
518
593
37
102
228
933
113
568
702
26
855
276
230
950
501
231
525
97
971
17
816
568
881
328
184
556
800
501
111
788
487
364
754
514
767
601
235
425
79
961
70
810
663
158
710
634
672
368
694
120
890
870
895
787
505
146
426
655
436
318
715
132
786
591
229
35
788
901
743
714
718
680
103
648
337
125
298
539
867
693
163
180
83
588
661
968
325
836
62
262
439
79
553
872
44
437
554
699
625
453
326
371
727
744
223
137
499
546
1
576
401
234
424
90
125
141
457
231
194
527
519
914
600
294
980
941
674
323
297
102
631
571
722
515
11
281
798
508
608
245
616
751
821
137
148
870
851
69
487
705
438
102
679
347
27
107
465
819
377
258
609
811
138
998
612
29
55
434
636
326
568
989
688
816
778
367
157
62
865
972
418
201
812
26
176
256
593
934
759
488
996
771
530
899
763
586
698
124
416
325
131
476
64
551
190
572
764
624
656
408
953
825
449
102
739
978
80
616
290
427
210
721
338
924
568
174
201
445
627
330
300
570
691
943
619
761
185
2
770
499
983
955
263
342
780
57
779
763
463
826
504
203
480
840
832
844
499
530
521
1
670
976
12
569
702
143
750
221
973
918
462
635
503
36
533
13
321
944
923
6
428
338
480
330
904
680
610
451
317
502
808
843
543
25
483
614
415
639
617
959
67
936
940
65
135
7
269
822
810
57
445
568
475
644
21
973
150
336
146
821
718
580
558
72
580
466
927
978
761
124
146
506
516
19
138
9
259
604
112
599
203
525
649
422
706
962
371
431
59
574
843
528
156
306
382
356
37
563
567
300
709
625
269
329
999
782
682
940
613
962
920
683
177
760
538
723
519
966
633
570
336
140
172
467
116
858
674
78
747
544
828
775
977
185
167
66
663
327
633
466
576
259
558
392
756
272
742
777
304
559
473
728
934
740
486
590
781
909
226
358
510
641
184
430
702
460
538
756
152
142
259
73
218
9
197
174
328
414
610
762
36
419
967
913
710
600
831
354
695
400
572
223
514
862
318
208
348
191
151
792
958
989
757
555
216
774
865
583
391
823
791
512
668
986
218
968
163
554
639
314
686
499
983
877
376
176
652
591
575
487
170
490
914
889
96
44
75
922
116
931
226
41
542
523
975
852
752
970
933
622
414
883
550
336
848
391
255
367
178
434
781
43
831
520
834
138
991
288
841
394
753
593
596
469
481
239
534
169
938
839
124
127
258
710
274
781
835
111
312
972
895
286
496
274
702
338
10
562
241
157
653
937
618
736
595
832
988
781
634
814
775
208
786
75
401
340
40
119
689
644
947
640
767
621
363
828
740
70
549
362
885
17
526
367
676
166
693
511
313
665
329
927
838
871
633
96
150
863
719
76
349
333
341
255
373
621
876
832
513
789
978
56
302
130
947
166
938
545
586
785
386
815
983
962
898
618
108
15
98
25
607
197
100
416
857
441
550
888
291
849
397
980
117
783
57
376
982
483
101
461
719
251
512
931
739
237
432
995
744
769
563
989
986
382
78
889
877
174
821
990
579
805
845
890
838
817
148
806
671
774
391
577
586
744
335
817
146
58
667
531
857
13
848
706
309
315
701
975
530
894
921
936
141
521
663
475
221
960
729
214
844
51
700
189
268
999
92
688
94
751
549
705
586
402
465
980
539
695
406
797
913
647
296
938
174
266
101
498
614
874
748
935
536
645
694
137
309
249
526
352
257
208
696
262
867
743
974
449
515
509
670
545
529
622
959
305
189
880
62
485
616
1
264
669
448
6
249
60
591
128
915
561
255
413
341
974
154
761
458
996
202
267
425
137
449
188
865
140
326
630
372
549
209
584
957
458
715
193
798
451
527
833
987
286
162
496
525
333
710
209
135
574
306
710
416
524
869
596
885
967
396
107
772
252
641
69
378
723
220
766
939
405
59
747
786
341
505
286
11
254
131
78
536
457
608
731
657
573
973
637
849
173
875
265
845
280
802
896
652
590
987
671
152
74
830
420
375
45
427
40
439
950
893
315
567
267
454
81
616
756
682
567
836
14
847
924
668
337
457
17
455
698
885
917
244
303
831
554
750
908
45
834
753
200
964
587
624
730
990
764
457
725
685
67
282
366
372
433
986
82
129
586
773
17
947
840
58
248
196
116
790
479
387
206
512
460
237
887
672
393
137
992
246
205
771
352
597
334
278
575
445
83
510
36
313
748
623
500
409
211
74
740
343
843
286
363
845
109
497
816
170
455
826
316
623
668
904
575
255
350
782
788
975
637
602
831
558
14
87
538
611
155
774
42
209
702
920
972
917
331
717
589
491
876
152
108
183
563
489
885
378
409
467
55
221
81
222
396
687
649
670
148
265
342
198
885
245
652
83
401
836
374
221
608
518
768
859
613
270
363
492
603
117
953
284
74
713
60
513
575
621
209
329
573
344
277
295
438
157
139
638
305
957
938
285
152
514
148
201
722
47
128
94
959
51
222
320
543
724
205
285
121
399
796
143
654
932
933
459
745
751
392
621
128
814
910
747
98
992
558
853
288
60
192
987
702
537
842
720
10
785
152
49
726
222
66
605
701
981
365
747
310
44
209
826
124
290
766
97
568
536
957
133
252
933
646
685
148
58
408
697
898
76
947
24
996
605
848
388
357
770
320
875
192
201
261
128
202
383
881
196
795
862
276
137
877
533
103
930
406
196
147
4
279
191
534
175
882
370
570
957
632
985
286
845
52
399
102
3
436
212
924
652
216
691
809
135
920
346
525
231
801
941
27
310
514
89
568
792
697
299
710
957
535
576
871
809
771
843
824
457
756
478
121
38
380
255
700
490
513
200
376
242
372
319
549
451
545
140
486
187
510
863
820
137
44
646
204
803
625
359
620
460
720
670
949
960
523
690
712
498
418
424
949
3
809
18
641
983
933
816
312
504
411
534
622
260
958
217
237
834
504
620
346
714
836
376
248
102
680
43
804
148
28
966
36
269
190
237
507
484
272
370
867
964
396
935
96
966
664
733
406
232
721
482
8
126
575
702
54
600
865
137
55
68
235
814
262
753
446
306
979
771
765
15
208
609
866
465
577
426
346
324
543
65
52
574
707
765
126
425
751
257
805
511
224
99
254
763
121
569
880
978
960
558
596
356
136
185
771
951
946
70
362
712
926
811
110
876
685
639
385
508
797
248
928
208
342
953
905
537
999
479
32
897
822
197
602
193
27
939
642
652
889
664
288
441
987
721
668
764
536
228
89
244
467
111
296
817
261
324
48
357
936
443
160
643
791
288
14
781
978
715
296
524
790
427
534
71
469
822
239
95
470
882
395
27
615
326
974
655
273
269
983
514
451
343
97
903
253
483
588
803
875
648
186
915
808
846
45
174
818
669
897
340
251
4
715
970
795
377
92
941
544
336
571
967
384
75
147
128
119
61
702
150
475
585
727
115
118
631
619
966
950
207
898
552
819
779
452
670
672
274
739
186
612
245
420
187
801
730
210
185
529
838
646
306
450
92
119
585
729
438
816
695
844
721
290
530
154
650
139
489
576
61
80
346
875
451
490
830
892
107
548
393
448
181
802
884
47
314
636
370
111
367
561
863
952
580
364
889
152
536
617
28
310
236
914
684
903
666
76
81
975
693
390
233
284
195
4
661
359
533
567
153
869
338
82
253
640
416
260
551
613
619
643
789
896
445
858
91
539
56
511
702
678
576
180
456
734
20
230
989
662
278
817
558
334
244
351
315
87
35
683
847
635
526
559
247
766
245
701
552
233
142
649
289
24
375
479
706
859
574
560
152
565
933
6
170
802
22
569
191
665
358
827
539
349
53
439
471
947
984
623
552
148
314
747
538
943
450
243
601
672
817
963
924
662
337
680
92
217
174
412
520
150
78
988
406
741
174
349
717
176
207
578
843
898
326
115
811
142
276
523
891
346
916
658
512
436
323
664
166
740
272
332
766
654
526
444
787
658
443
114
372
935
68
546
803
52
703
26
285
765
577
673
809
19
938
103
227
856
557
487
273
18
484
394
555
559
886
672
774
399
767
617
23
423
11
102
285
131
657
988
954
438
600
731
344
505
900
800
1000
145
628
960
497
822
344
448
149
296
935
72
904
319
794
542
20
907
497
310
18
825
488
12
807
251
128
159
803
346
104
690
588
426
590
752
177
187
850
323
269
374
903
547
462
172
242
279
482
268
782
409
177
880
129
939
130
267
955
456
294
383
374
968
447
663
243
250
672
427
182
999
107
574
649
947
838
790
686
109
19
186
415
177
61
949
10
373
703
264
478
252
923
894
284
151
523
499
520
252
84
244
211
180
369
588
384
357
244
566
809
756
145
426
379
143
261
687
23
257
127
229
652
745
368
893
320
290
796
223
781
575
171
168
767
222
393
372
561
769
556
437
934
977
111
643
48
399
345
53
137
121
774
170
752
288
960
338
942
696
333
327
471
190
612
894
730
126
887
974
386
843
756
859
592
446
74
541
5
468
910
266
707
966
260
811
184
605
582
411
498
683
395
353
889
613
179
806
125
698
324
844
300
364
578
622
59
29
937
124
380
29
133
992
201
86
176
647
870
505
42
54
646
240
12
584
731
469
56
230
291
667
172
445
468
117
208
544
883
270
869
964
436
431
130
838
753
603
361
108
37
852
948
463
667
877
639
19
241
339
495
503
563
874
531
251
130
698
984
122
440
567
613
279
940
449
218
743
986
953
273
178
566
865
279
851
128
8
182
361
211
273
113
123
491
661
749
27
27
311
649
306
93
775
4
587
985
490
470
966
69
4
433
109
825
261
627
538
968
240
819
479
681
643
110
519
725
848
181
392
110
966
174
591
996
388
977
684
291
111
319
787
890
638
774
467
402
119
94
159
391
453
697
537
680
496
665
16
868
597
221
51
461
985
449
880
855
107
358
259
222
242
926
882
699
160
846
904
437
736
273
893
658
347
665
600
803
931
965
731
286
702
253
772
313
172
38
629
190
144
418
770
505
536
560
611
645
525
916
633
202
879
275
402
775
840
370
283
81
313
214
97
300
46
198
697
577
440
551
541
191
543
400
652
631
668
969
890
26
148
99
385
477
251
827
574
441
946
649
244
9
251
849
568
353
187
869
168
722
412
802
234
733
405
139
734
713
716
30
328
364
798
760
613
476
695
69
646
616
416
636
493
161
830
543
484
390
225
575
792
463
168
781
193
447
518
183
323
948
912
593
835
65
601
837
424
814
445
799
854
182
682
58
281
136
776
748
860
126
674
737
617
813
621
683
615
465
687
818
431
340
815
881
452
959
151
255
632
947
143
7
305
743
440
398
719
648
610
463
160
20
702
878
945
857
293
647
600
217
874
740
455
162
562
543
362
36
75
355
850
86
194
960
482
56
372
224
992
414
44
988
218
422
950
479
322
265
45
903
48
535
363
753
637
176
257
817
156
302
186
750
503
846
244
668
174
489
902
590
506
172
438
325
768
464
401
837
163
919
109
656
941
184
189
476
941
426
464
46
337
285
428
898
219
269
277
677
585
16
777
281
726
946
504
883
292
512
63
818
345
615
17
125
881
352
43
675
98
283
684
923
47
6
70
722
892
160
543
536
719
125
49
844
821
477
106
985
972
850
497
809
56
212
131
291
439
128
673
594
383
247
38
487
786
236
350
709
70
767
341
203
614
157
25
403
722
919
589
588
306
542
367
769
668
619
460
134
943
755
612
739
926
819
201
131
538
170
415
745
624
660
450
139
325
525
54
186
525
850
172
936
334
239
446
514
516
317
18
137
48
214
93
679
274
493
630
632
262
273
458
420
851
626
281
983
253
688
86
296
588
796
220
678
108
46
572
470
930
699
167
883
693
308
938
187
958
730
915
400
837
462
8
679
833
248
883
121
683
581
921
927
745
533
755
914
745
855
777
717
490
481
152
713
788
870
703
427
137
182
568
775
153
390
105
464
226
285
68
136
504
307
932
466
419
852
707
637
674
416
801
745
105
493
718
534
246
515
352
463
813
522
936
632
390
908
721
607
566
822
546
835
628
233
138
672
501
499
323
950
413
961
548
584
293
164
258
379
832
697
111
335
237
232
299
826
575
853
422
736
773
984
235
662
85
746
622
123
100
411
790
310
44
635
97
705
648
934
57
95
744
830
236
24
114
625
948
221
516
877
727
255
102
403
908
484
226
166
48
507
744
232
626
166
34
65
136
751
641
319
386
83
253
811
605
726
164
364
151
993
652
64
426
583
230
64
362
222
404
14
542
447
775
99
133
263
708
243
244
216
970
274
192
7
736
451
183
673
386
963
60
563
771
170
514
945
337
313
994
271
548
799
138
573
777
815
109
94
855
292
582
63
124
934
974
742
839
127
167
330
377
532
14
851
193
455
248
969
871
601
957
315
981
67
823
717
850
431
790
846
657
401
953
168
76
357
909
126
395
752
760
593
453
555
604
658
707
180
906
686
380
24
86
294
311
248
583
229
295
299
898
897
403
592
844
100
795
442
884
916
116
683
538
583
825
282
548
678
680
549
436
828
396
332
982
894
963
90
732
443
378
845
431
306
114
336
43
379
102
464
35
899
523
36
562
305
750
282
661
616
803
532
261
727
65
504
850
393
914
899
327
21
489
962
67
366
483
491
624
918
767
965
395
910
702
903
700
706
377
449
369
845
468
543
148
466
178
230
372
899
938
127
356
71
639
777
400
362
857
244
398
644
217
806
648
633
518
590
462
940
375
857
147
716
688
496
252
837
59
920
792
509
387
812
78
293
737
322
656
176
417
839
937
783
348
110
300
509
841
729
818
15
838
923
284
281
16
856
736
211
628
246
197
759
890
541
864
477
460
804
552
533
951
299
923
477
517
115
718
227
620
38
630
448
463
432
995
78
2
52
694
586
255
326
458
835
597
250
214
835
592
501
82
127
260
258
494
440
749
779
640
308
472
836
641
983
208
127
256
445
213
901
352
543
479
943
133
363
469
724
376
158
769
737
451
504
189
677
681
308
304
659
124
827
28
811
735
138
548
721
193
598
638
558
745
824
539
520
144
825
467
733
271
137
633
726
198
459
962
264
165
824
236
121
702
884
960
798
600
342
666
317
168
292
127
869
696
132
630
122
821
860
795
854
366
271
102
713
907
979
145
775
891
785
61
181
174
548
925
66
590
258
746
750
904
433
692
118
685
538
757
908
890
112
935
108
294
100
660
321
995
931
730
315
603
73
360
75
297
399
714
221
894
494
526
167
824
697
722
440
637
257
150
304
590
392
247
53
956
765
96
881
869
82
401
537
170
573
228
239
200
458
722
668
964
606
389
519
553
992
873
222
69
257
344
289
359
492
902
875
621
14
526
895
825
681
603
545
429
503
10
628
874
595
634
807
930
867
217
415
600
657
574
868
480
930
575
27
674
32
947
719
288
696
854
209
512
185
792
880
742
8
413
427
526
997
350
874
62
201
133
595
625
928
204
73
230
431
121
361
367
38
648
247
421
634
168
413
132
213
87
715
847
45
548
261
862
770
586
349
482
939
651
250
908
707
340
318
36
953
473
590
557
175
691
86
896
386
20
932
230
492
576
552
571
584
428
956
58
387
631
87
64
631
550
878
220
175
921
972
303
246
265
992
660
870
862
124
74
981
212
753
10
465
552
91
471
959
675
520
81
799
205
240
293
600
824
758
7
466
944
571
29
890
70
802
654
87
896
470
601
870
186
196
895
562
655
370
838
446
437
325
608
669
535
698
198
428
948
55
62
731
355
651
775
460
411
326
167
204
962
809
105
741
547
147
817
957
226
243
469
73
661
402
637
768
32
810
470
483
538
520
46
445
6
203
949
87
151
527
493
273
453
949
963
493
61
497
454
81
562
270
682
203
968
830
286
365
388
107
646
217
369
216
229
643
189
257
10
396
809
114
441
906
725
538
323
589
280
325
237
80
31
638
129
169
633
696
794
929
285
895
646
735
742
469
824
868
995
765
952
46
871
16
967
688
783
169
679
678
615
728
161
535
575
986
219
795
281
781
106
489
751
494
181
678
756
372
19
581
461
809
249
336
271
136
802
747
495
162
848
248
563
866
147
705
36
480
481
452
20
495
491
394
693
376
271
980
76
782
748
282
959
800
305
315
459
474
529
458
569
75
253
347
352
856
834
48
153
184
236
292
701
709
505
170
193
680
918
987
590
223
755
664
747
199
158
456
926
632
106
387
630
133
892
133
937
880
188
308
311
714
146
139
145
493
614
705
199
584
907
89
438
660
643
514
237
986
839
865
94
618
810
995
33
495
398
782
357
862
43
864
288
691
9
320
737
509
718
167
881
356
849
433
339
78
551
138
951
479
135
671
261
737
584
376
944
316
248
756
758
310
618
494
404
577
63
198
612
871
580
436
544
976
818
870
473
461
996
341
152
623
908
565
454
19
779
744
55
464
506
239
153
624
722
870
707
730
26
305
364
87
610
705
411
462
40
404
399
112
262
644
595
70
498
573
108
931
907
485
289
954
123
14
333
529
654
563
229
586
559
914
628
498
564
66
806
607
450
853
823
131
951
65
825
553
829
455
862
51
904
880
457
802
578
170
597
745
413
319
308
987
175
670
503
934
746
280
825
959
87
780
595
814
809
974
58
523
55
485
837
227
545
209
44
50
837
259
456
254
46
887
357
798
951
896
276
388
355
209
423
331
690
481
510
987
373
97
867
71
765
697
657
553
724
980
669
236
467
604
899
372
88
51
192
525
322
253
211
367
461
826
361
226
106
6
594
11
349
858
988
916
433
731
474
901
169
28
967
800
682
817
14
891
782
668
637
760
961
80
551
457
984
763
256
506
84
713
36
787
591
769
253
889
281
468
248
817
387
968
34
354
604
306
835
937
340
324
750
627
498
626
840
786
38
270
754
548
497
902
566
548
493
913
743
998
588
230
180
989
16
809
542
765
895
275
184
607
982
296
651
623
950
784
216
893
699
774
177
61
291
485
293
876
81
634
45
973
197
695
600
382
632
478
590
474
340
584
593
139
984
547
129
25
403
904
810
861
413
406
12
161
165
422
805
255
226
250
578
809
625
105
498
169
800
908
5
108
971
313
348
189
201
178
54
137
714
808
450
209
168
592
271
86
375
193
685
743
969
804
649
70
215
90
905
764
910
991
914
768
726
76
129
963
849
584
807
913
734
342
736
828
320
11
77
974
831
748
547
97
943
612
579
451
236
116
241
33
154
522
746
69
932
396
180
36
114
962
242
818
690
98
133
121
744
123
460
699
88
410
606
520
758
756
298